11000010
01010100
00001011
10101101
00110101
00110010
11111011
01000010
11111100
11011101
11100100
11010011
01011110
11011110
11100010
10010111
00100100
10111101
00100111
01000001
10111000
11100001
00011011
11110100
11000000
00000110
00001001
11100000
00111000
10010001
01110010
10010000
10000000
10101010
01101110
01110111
10111110
00111111
10100011
11101101
01000011
01010000
00011001
01110101
01111100
11101011
00100000
00111011
01101100
01101000
01110110
10010011
10110000
10100000
11000111
11100110
00100110
11000001
00001100
01000101
00110100
00000111
01100100
01000100
10101001
00000010
11110111
01100011
11001010
01100010
01101001
00011110
00110011
00100010
11000101
00101010
10011001
10000011
11000011
00110001
11001011
10110101
00001101
10000110
10110010
01110000
00111100
00010000
10101100
01110001
00001111
10110110
00011100
01001001
01011111
00101101
10110111
11110101
11101111
01011000
01011011
01101101
10111010
00101110
01001111
11110000
10001010
01101011
00100001
10100110
01000110
00110000
11101001
00011111
11011001
01100101
01111010
00000000
11011000
11110010
00101001
01110011
10011100
10001101
10011010
00001010
10100010
00010011
11001111
11111111
10011000
11001000
11110011
01011010
01001011
01011101
00011010
00100011
11001100
10001110
00000101
11010100
10110100
10000111
00011000
01001101
11111110
10010110
01010010
11111000
00010100
00001110
00111010
11010010
11000110
01001000
10011110
10100111
10101000
01010001
10111111
00000001
00110111
01111011
11011011
01010101
01101111
11100011
00010010
00100101
10001000
11000100
00101011
01111000
10110001
00111101
01000000
01101010
11010000
11010001
01111111
01001100
10101011
00101111
10000100
10011111
01110100
01000111
10110011
11001110
11110001
00101100
11100101
10100001
01111001
11100111
10011101
11001101
11111001
00101000
00110110
00000011
01001010
01011001
01100110
10001001
00111110
10010101
01100111
10001111
01011100
10010010
10000101
01111101
10001011
10111011
10001100
10000001
11101010
00010110
00001000
10101110
10100101
10111001
11011100
11110110
10011011
11101110
01010011
01010110
11001001
10000010
01010111
01100001
00010111
11011010
11101000
00011101
01111110
11101100
10010100
11011111
01100000
00010001
10111100
01001110
00000100
11010101
10101111
11010111
00010101
11010110
11111101
11111010
10100100
00111001